   2.5603819e-01  -9.6666667e-01   0.0000000e+00   1.0000000e+03
  -3.2141164e-01  -9.0000000e-01   2.9443939e-01   1.0000000e+03
   4.8326388e-02  -8.3333333e-01  -5.5065426e-01   1.0000000e+03
   3.9064534e-01  -7.6666667e-01   5.0952767e-01   1.0000000e+03
  -7.0322609e-01  -7.0000000e-01  -1.2439079e-01   1.0000000e+03
   6.5296460e-01  -6.3333333e-01  -4.1536263e-01   1.0000000e+03
  -2.1390022e-01  -5.6666667e-01   7.9569817e-01   1.0000000e+03
  -3.9915719e-01  -5.0000000e-01  -7.6855288e-01   1.0000000e+03
   8.4654803e-01  -4.3333333e-01   3.0915798e-01   1.0000000e+03
  -8.5996709e-01  -3.6666667e-01   3.5498191e-01   1.0000000e+03
   4.0432331e-01  -3.0000000e-01  -8.6401543e-01   1.0000000e+03
   2.9102267e-01  -2.3333333e-01   9.2782615e-01   1.0000000e+03
  -8.5310976e-01  -1.6666667e-01  -4.9439454e-01   1.0000000e+03
   9.7178012e-01  -1.0000000e-01  -2.1364313e-01   1.0000000e+03
  -5.7480982e-01  -3.3333333e-02   8.1760782e-01   1.0000000e+03
  -2.5603819e-01   9.6666667e-01  -0.0000000e+00   1.0000000e+03
   3.2141164e-01   9.0000000e-01  -2.9443939e-01   1.0000000e+03
  -4.8326388e-02   8.3333333e-01   5.5065426e-01   1.0000000e+03
  -3.9064534e-01   7.6666667e-01  -5.0952767e-01   1.0000000e+03
   7.0322609e-01   7.0000000e-01   1.2439079e-01   1.0000000e+03
  -6.5296460e-01   6.3333333e-01   4.1536263e-01   1.0000000e+03
   2.1390022e-01   5.6666667e-01  -7.9569817e-01   1.0000000e+03
   3.9915719e-01   5.0000000e-01   7.6855288e-01   1.0000000e+03
  -8.4654803e-01   4.3333333e-01  -3.0915798e-01   1.0000000e+03
   8.5996709e-01   3.6666667e-01  -3.5498191e-01   1.0000000e+03
  -4.0432331e-01   3.0000000e-01   8.6401543e-01   1.0000000e+03
  -2.9102267e-01   2.3333333e-01  -9.2782615e-01   1.0000000e+03
   8.5310976e-01   1.6666667e-01   4.9439454e-01   1.0000000e+03
  -9.7178012e-01   1.0000000e-01   2.1364313e-01   1.0000000e+03
   5.7480982e-01   3.3333333e-02  -8.1760782e-01   1.0000000e+03
